160
11749 0.8166976480285537
4877 0.5725464988220276
332 0.3608957401360232
5595 0.9221428235203727
1923 0.6380135783945929
11650 1.0437789245785871
11976 0.9288244088768881
7338 3.8495058747911033
3947 0.9542425094393249
10083 0.909080350681131
8091 2.3403647988903216
8086 0.3014267928427064
9709 1.8780871481171482
6614 5.473855924867976
11858 2.1534194278335423
7002 2.453001525066563
5450 2.663687886156401
6177 3.9960428680358238
950 5.197070595880685
10807 1.0223807798773568
9369 2.2098313358651387
3499 1.2470224296778831
4209 1.3861222894509968
10192 4.4399807738473775
8884 1.8089651977978631
10515 2.340444114840118
2026 1.2356203846126121
10800 2.853260524912803
9181 0.5327188516237491
7338 3.8495058747911033
6984 1.7383841235121558
11858 2.1534194278335423
10141 2.2612628687924934
933 0.8604371718829676
8269 1.7383841235121558
3947 0.9542425094393249
6264 0.7340627497295132
9181 0.5327188516237491
10128 1.6414741105040993
8088 0.6969914383539308
3278 0.5651978550998819
9709 1.8780871481171482
6614 5.473855924867976
7720 0.71093397684925
65 0.945992434013902
11461 1.0223807798773568
4864 1.577016121277181
7317 0.26856210753399296
7754 0.998021434017912
6614 5.473855924867976
10742 1.0826872204080695
11858 2.1534194278335423
8091 2.3403647988903216
11858 2.1534194278335423
4003 0.659202877464531
11938 0.35188515796150277
200 0.7234437737192194
4920 0.9602328731285122
10688 0.8462895208216754
9368 1.3492180391476234
6312 1.2685621075339928
6614 5.473855924867976
1486 0.4795074941400245
4209 1.3861222894509968
10192 4.4399807738473775
11708 0.7049603680252061
8208 0.9254707668693003
5842 0.3378461341202097
10695 1.0905190503153885
6770 0.6227736118378561
6614 5.473855924867976
10359 1.039414119176137
8471 1.1701823994451608
8311 0.7110345157373993
7338 3.8495058747911033
8015 0.5302115968450342
2129 1.4483495121496377
8586 2.4664682903845
2024 1.7383841235121558
11674 2.1363241321841935
4245 0.5876276836518468
8831 2.1363241321841935
1592 0.8141048374502742
7921 0.7769630294457076
1950 1.5480524253418642
6627 1.376656287494563
4669 1.4161648287782367
9369 2.2098313358651387
3220 1.1760912590556811
10192 4.4399807738473775
4556 0.8575705312313645
11861 0.8901950065207572
4455 1.1363241321841933
3433 1.0949314470259683
11693 0.464226274248476
3280 1.4161648287782367
8714 1.760660518223308
3370 1.3404441148401183
11871 1.3234107755413378
1081 2.4373541278481747
6238 1.2389167413727584
4244 1.7171948244422177
10922 0.5288691089695249
6238 1.2389167413727584
8586 2.4664682903845
2026 1.2356203846126121
9353 1.315138249575348
2830 1.7171948244422177
9959 1.315138249575348
11856 1.075626291830582
10192 4.4399807738473775
5112 1.0571428861365686
8358 2.364163245489737
10044 0.956628748859687
9566 1.6080503550171499
10695 1.0905190503153885
10742 1.0826872204080695
9590 1.5079352021338819
5377 1.9254707668693
950 5.197070595880685
5902 0.749379507813619
5498 1.471212395109142
4083 1.4373541278481745
11600 1.0437789245785871
1004 0.9638671577836063
10742 1.0826872204080695
7720 0.71093397684925
950 5.197070595880685
4664 1.1099951934618444
6031 1.5922560878339178
8358 2.364163245489737
7960 2.2612628687924934
7362 0.9787162788225254
7338 3.8495058747911033
8387 0.9390435740585741
9559 2.2612628687924934
3098 1.3581728818005498
839 1.376656287494563
950 5.197070595880685
7338 3.8495058747911033
5891 0.5622928644564746
4846 0.6891661008419743
1700 0.8810516270808875
10800 2.853260524912803
1854 1.2540842841653699
2936 1.8932860834978988
10704 1.19431607916188
5805 1.315138249575348
6408 0.6112793251473483
4268 0.8166976480285537
7058 0.43626974655595474
5982 0.9188401879702872
10217 1.1820816227448685
7398 1.3318439430782005
6614 5.473855924867976
5450 2.663687886156401
6177 3.9960428680358238
7002 2.453001525066563
7068 0.5003380203833605
950 5.197070595880685
